123
124
185
186
187
95
96
97
98
99
100
101
102
103
104
105
106
107
108
175
180
109
110
111
113
114
115
116
117
118
119
120
121
122
103
104
105
106
107
108
46
47
48
49
50
51
52
53
54
55
56
57
176
181
177
182
218
227
220
229
221
230
223
232
110
48
114
50
116
52
118
120
56
122
224
233
123
124
225
234
103
47
113
49
115
51
117
53
119
55
121
57
226
235
103
185
186
187
95
96
97
98
99
100
101
102
103
104
105
106
107
108
95
96
97
98
99
100
101
102
103
104
105
106
107
108
175
180
176
181
178
183
190
196
191
197
192
198
185
186
187
179
184
123
124
202
210
203
211
204
212
185
186
187
46
47
48
49
50
51
52
53
54
55
56
57
218
227
220
229
221
230
222
231
185
186
187
95
96
97
98
99
100
101
102
103
104
105
106
107
108
95
109
110
111
96
113
114
115
116
117
118
119
120
97
98
99
100
101
102
103
121
122
103
104
105
106
107
108
104
105
106
107
108
95
96
97
98
99
100
101
102
103
104
105
106
107
108
95
96
97
98
99
100
101
102
103
104
105
106
107
108
109
110
111
113
114
115
116
117
118
119
120
121
122
103
104
105
106
107
108
109
110
111
113
114
115
116
117
118
119
120
121
122
103
104
105
106
107
108
127
130
95
95
95
128
131
33
129
132
32
125
126
103
35
95
37
97
39
99
41
101
43
125
126
103
35
95
37
97
39
99
41
101
43
125
126
103
35
95
37
97
39
99
41
101
43
190
196
191
197
193
199
123
124
194
200
45
195
201
34
35
36
37
38
39
40
41
42
43
143
148
144
149
123
124
44
188
189
103
47
113
49
115
51
117
53
119
55
121
57
188
189
103
47
113
49
115
51
117
53
119
55
121
57
188
189
103
47
113
49
115
51
117
53
119
55
121
57
185
186
187
34
35
36
37
38
39
40
41
42
43
95
96
97
98
99
100
101
102
103
104
105
106
107
108
95
96
97
98
99
100
101
102
103
104
105
106
107
108
95
96
97
98
99
100
101
102
103
104
105
106
107
108
143
148
145
150
36
96
38
98
40
100
42
102
146
151
147
152
103
123
124
95
96
97
98
99
100
101
102
103
104
105
106
107
108
95
96
97
98
99
100
101
102
103
104
105
106
107
108
95
96
97
98
99
100
101
102
103
104
105
106
107
108
127
130
109
110
111
113
114
115
116
117
118
119
120
121
122
103
104
105
106
107
108
116
202
210
203
211
205
213
95
95
95
128
131
33
129
132
32
123
124
34
35
36
37
38
39
40
41
42
43
95
96
97
98
99
100
101
102
103
104
105
106
107
108
153
164
155
166
156
167
158
169
36
96
159
170
38
98
160
171
100
161
172
42
102
162
173
163
174
123
124
34
35
36
37
38
39
40
41
42
43
153
164
154
165
123
124
95
96
97
98
99
100
101
102
103
104
105
106
107
108
133
138
134
139
136
141
103
35
95
37
97
39
99
41
101
43
137
142
36
123
124
133
138
134
139
135
140
109
103
206
214
208
216
103
47
113
49
115
51
117
53
119
55
121
57
209
217
50
185
186
187
46
47
48
49
50
51
52
53
54
55
56
57
218
227
219
228
